{
  "accessors": [
    {
      "bufferView": 2,
      "componentType": 5126,
      "count": 5160,
      "max": [
        3.7240734100341797,
        0.11974015831947327,
        0.71364295482635498
      ],
      "min": [
        -0.0051651024259626865,
        -0.11974015086889267,
        -0.71364295482635498
      ],
      "type": "VEC3"
    },
    {
      "bufferView": 2,
      "byteOffset": 61920,
      "componentType": 5126,
      "count": 5160,
      "max": [
        1,
        1,
        1
      ],
      "min": [
        -1,
        -1,
        -1
      ],
      "type": "VEC3"
    },
    {
      "bufferView": 1,
      "componentType": 5126,
      "count": 5160,
      "max": [
        0.99889487028121948,
        1
      ],
      "min": [
        0.00071351253427565098,
        0
      ],
      "type": "VEC2"
    },
    {
      "bufferView": 0,
      "componentType": 5125,
      "count": 8868,
      "max": [
        5159
      ],
      "min": [
        0
      ],
      "type": "SCALAR"
    },
    {
      "bufferView": 2,
      "byteOffset": 123840,
      "componentType": 5126,
      "count": 420,
      "max": [
        1.9742593765258789,
        0.033718287944793701,
        0.74817705154418945
      ],
      "min": [
        -1.9742593765258789,
        -0.033718295395374298,
        -0.74817705154418945
      ],
      "type": "VEC3"
    },
    {
      "bufferView": 2,
      "byteOffset": 128880,
      "componentType": 5126,
      "count": 420,
      "max": [
        1,
        1,
        1
      ],
      "min": [
        -1,
        -1,
        -1
      ],
      "type": "VEC3"
    },
    {
      "bufferView": 1,
      "byteOffset": 41280,
      "componentType": 5126,
      "count": 420,
      "max": [
        1,
        1
      ],
      "min": [
        0,
        0
      ],
      "type": "VEC2"
    },
    {
      "bufferView": 0,
      "byteOffset": 35472,
      "componentType": 5125,
      "count": 828,
      "max": [
        419
      ],
      "min": [
        0
      ],
      "type": "SCALAR"
    },
    {
      "bufferView": 2,
      "byteOffset": 133920,
      "componentType": 5126,
      "count": 32768,
      "max": [
        0.71000397205352783,
        0.066506311297416687,
        0.71000397205352783
      ],
      "min": [
        -0.71000421047210693,
        -0.066500626504421234,
        -0.71000421047210693
      ],
      "type": "VEC3"
    },
    {
      "bufferView": 2,
      "byteOffset": 527136,
      "componentType": 5126,
      "count": 32768,
      "max": [
        1,
        1,
        1
      ],
      "min": [
        -1,
        -1,
        -1
      ],
      "type": "VEC3"
    },
    {
      "bufferView": 0,
      "byteOffset": 38784,
      "componentType": 5125,
      "count": 196608,
      "max": [
        32767
      ],
      "min": [
        0
      ],
      "type": "SCALAR"
    },
    {
      "bufferView": 2,
      "byteOffset": 920352,
      "componentType": 5126,
      "count": 32768,
      "max": [
        0.71000397205352783,
        0.066506311297416687,
        0.71000397205352783
      ],
      "min": [
        -0.71000421047210693,
        -0.066500626504421234,
        -0.71000421047210693
      ],
      "type": "VEC3"
    },
    {
      "bufferView": 2,
      "byteOffset": 1313568,
      "componentType": 5126,
      "count": 32768,
      "max": [
        1,
        1,
        1
      ],
      "min": [
        -1,
        -1,
        -1
      ],
      "type": "VEC3"
    },
    {
      "bufferView": 0,
      "byteOffset": 825216,
      "componentType": 5125,
      "count": 196608,
      "max": [
        32767
      ],
      "min": [
        0
      ],
      "type": "SCALAR"
    },
    {
      "bufferView": 2,
      "byteOffset": 1706784,
      "componentType": 5126,
      "count": 1372,
      "max": [
        2.0155010223388672,
        0.33065986633300781,
        0.84366226196289062
      ],
      "min": [
        -2.0155010223388672,
        -0.1273798942565918,
        -0.84366226196289062
      ],
      "type": "VEC3"
    },
    {
      "bufferView": 2,
      "byteOffset": 1723248,
      "componentType": 5126,
      "count": 1372,
      "max": [
        1,
        1,
        1
      ],
      "min": [
        -1,
        -1,
        -1
      ],
      "type": "VEC3"
    },
    {
      "bufferView": 1,
      "byteOffset": 44640,
      "componentType": 5126,
      "count": 1372,
      "max": [
        0.87500011920928955,
        1
      ],
      "min": [
        0.1249999925494194,
        0
      ],
      "type": "VEC2"
    },
    {
      "bufferView": 0,
      "byteOffset": 1611648,
      "componentType": 5125,
      "count": 2340,
      "max": [
        1371
      ],
      "min": [
        0
      ],
      "type": "SCALAR"
    },
    {
      "bufferView": 2,
      "byteOffset": 1739712,
      "componentType": 5126,
      "count": 24,
      "max": [
        1.9742593765258789,
        0.054401043802499771,
        0.74817705154418945
      ],
      "min": [
        -1.9742593765258789,
        -0.054401043802499771,
        -0.74817705154418945
      ],
      "type": "VEC3"
    },
    {
      "bufferView": 2,
      "byteOffset": 1740000,
      "componentType": 5126,
      "count": 24,
      "max": [
        1,
        1,
        1
      ],
      "min": [
        -1,
        -1,
        -1
      ],
      "type": "VEC3"
    },
    {
      "bufferView": 1,
      "byteOffset": 55616,
      "componentType": 5126,
      "count": 24,
      "max": [
        0.875,
        1
      ],
      "min": [
        0.125,
        0
      ],
      "type": "VEC2"
    },
    {
      "bufferView": 0,
      "byteOffset": 1621008,
      "componentType": 5125,
      "count": 36,
      "max": [
        23
      ],
      "min": [
        0
      ],
      "type": "SCALAR"
    },
    {
      "bufferView": 2,
      "byteOffset": 1740288,
      "componentType": 5126,
      "count": 367,
      "max": [
        0.23817269504070282,
        0.10126886516809464,
        0.23817238211631775
      ],
      "min": [
        -0.23817257583141327,
        -0.10126886516809464,
        -0.23817288875579834
      ],
      "type": "VEC3"
    },
    {
      "bufferView": 2,
      "byteOffset": 1744692,
      "componentType": 5126,
      "count": 367,
      "max": [
        0.9938240647315979,
        0.99583560228347778,
        0.9938240647315979
      ],
      "min": [
        -0.9938240647315979,
        -0.6857142448425293,
        -0.9938240647315979
      ],
      "type": "VEC3"
    },
    {
      "bufferView": 1,
      "byteOffset": 55808,
      "componentType": 5126,
      "count": 367,
      "max": [
        1,
        1
      ],
      "min": [
        0,
        0.01000000536441803
      ],
      "type": "VEC2"
    },
    {
      "bufferView": 0,
      "byteOffset": 1621152,
      "componentType": 5125,
      "count": 1140,
      "max": [
        366
      ],
      "min": [
        0
      ],
      "type": "SCALAR"
    },
    {
      "bufferView": 2,
      "byteOffset": 1749096,
      "componentType": 5126,
      "count": 924,
      "max": [
        0.65355145931243896,
        0.082338482141494751,
        0.65689641237258911
      ],
      "min": [
        -0.65356355905532837,
        -0.066667087376117706,
        -0.65688711404800415
      ],
      "type": "VEC3"
    },
    {
      "bufferView": 2,
      "byteOffset": 1760184,
      "componentType": 5126,
      "count": 924,
      "max": [
        0.98741519451141357,
        0.87492328882217407,
        0.9933478832244873
      ],
      "min": [
        -0.98752933740615845,
        -0.87492328882217407,
        -0.99341863393783569
      ],
      "type": "VEC3"
    },
    {
      "bufferView": 1,
      "byteOffset": 58744,
      "componentType": 5126,
      "count": 924,
      "max": [
        1,
        1
      ],
      "min": [
        0,
        0
      ],
      "type": "VEC2"
    },
    {
      "bufferView": 0,
      "byteOffset": 1625712,
      "componentType": 5125,
      "count": 1680,
      "max": [
        923
      ],
      "min": [
        0
      ],
      "type": "SCALAR"
    },
    {
      "bufferView": 2,
      "byteOffset": 1771272,
      "componentType": 5126,
      "count": 367,
      "max": [
        0.23817269504070282,
        0.10126886516809464,
        0.23817238211631775
      ],
      "min": [
        -0.23817257583141327,
        -0.10126886516809464,
        -0.23817288875579834
      ],
      "type": "VEC3"
    },
    {
      "bufferView": 2,
      "byteOffset": 1775676,
      "componentType": 5126,
      "count": 367,
      "max": [
        0.9938240647315979,
        0.99583560228347778,
        0.9938240647315979
      ],
      "min": [
        -0.9938240647315979,
        -0.6857142448425293,
        -0.9938240647315979
      ],
      "type": "VEC3"
    },
    {
      "bufferView": 1,
      "byteOffset": 66136,
      "componentType": 5126,
      "count": 367,
      "max": [
        1,
        1
      ],
      "min": [
        0,
        0.01000000536441803
      ],
      "type": "VEC2"
    },
    {
      "bufferView": 0,
      "byteOffset": 1632432,
      "componentType": 5125,
      "count": 1140,
      "max": [
        366
      ],
      "min": [
        0
      ],
      "type": "SCALAR"
    },
    {
      "bufferView": 2,
      "byteOffset": 1780080,
      "componentType": 5126,
      "count": 924,
      "max": [
        0.65355145931243896,
        0.082338482141494751,
        0.65689641237258911
      ],
      "min": [
        -0.65356355905532837,
        -0.066667087376117706,
        -0.65688711404800415
      ],
      "type": "VEC3"
    },
    {
      "bufferView": 2,
      "byteOffset": 1791168,
      "componentType": 5126,
      "count": 924,
      "max": [
        0.98741519451141357,
        0.87492328882217407,
        0.9933478832244873
      ],
      "min": [
        -0.98752933740615845,
        -0.87492328882217407,
        -0.99341863393783569
      ],
      "type": "VEC3"
    },
    {
      "bufferView": 1,
      "byteOffset": 69072,
      "componentType": 5126,
      "count": 924,
      "max": [
        1,
        1
      ],
      "min": [
        0,
        0
      ],
      "type": "VEC2"
    },
    {
      "bufferView": 0,
      "byteOffset": 1636992,
      "componentType": 5125,
      "count": 1680,
      "max": [
        923
      ],
      "min": [
        0
      ],
      "type": "SCALAR"
    },
    {
      "bufferView": 2,
      "byteOffset": 1802256,
      "componentType": 5126,
      "count": 498,
      "max": [
        0.054500564932823181,
        0.012361407279968262,
        0.054500117897987366
      ],
      "min": [
        -0.054500177502632141,
        0,
        -0.054500631988048553
      ],
      "type": "VEC3"
    },
    {
      "bufferView": 2,
      "byteOffset": 1808232,
      "componentType": 5126,
      "count": 498,
      "max": [
        0.99518477916717529,
        1,
        0.99518489837646484
      ],
      "min": [
        -0.99518483877182007,
        -1,
        -0.99518495798110962
      ],
      "type": "VEC3"
    },
    {
      "bufferView": 1,
      "byteOffset": 76464,
      "componentType": 5126,
      "count": 498,
      "max": [
        0,
        0
      ],
      "min": [
        0,
        0
      ],
      "type": "VEC2"
    },
    {
      "bufferView": 0,
      "byteOffset": 1643712,
      "componentType": 5125,
      "count": 948,
      "max": [
        497
      ],
      "min": [
        0
      ],
      "type": "SCALAR"
    },
    {
      "bufferView": 2,
      "byteOffset": 1814208,
      "componentType": 5126,
      "count": 498,
      "max": [
        0.054500564932823181,
        0.012361407279968262,
        0.054500117897987366
      ],
      "min": [
        -0.054500177502632141,
        0,
        -0.054500631988048553
      ],
      "type": "VEC3"
    },
    {
      "bufferView": 2,
      "byteOffset": 1820184,
      "componentType": 5126,
      "count": 498,
      "max": [
        0.99518477916717529,
        1,
        0.99518489837646484
      ],
      "min": [
        -0.99518483877182007,
        -1,
        -0.99518495798110962
      ],
      "type": "VEC3"
    },
    {
      "bufferView": 1,
      "byteOffset": 80448,
      "componentType": 5126,
      "count": 498,
      "max": [
        0,
        0
      ],
      "min": [
        0,
        0
      ],
      "type": "VEC2"
    },
    {
      "bufferView": 0,
      "byteOffset": 1647504,
      "componentType": 5125,
      "count": 948,
      "max": [
        497
      ],
      "min": [
        0
      ],
      "type": "SCALAR"
    },
    {
      "bufferView": 2,
      "byteOffset": 1826160,
      "componentType": 5126,
      "count": 498,
      "max": [
        0.054500564932823181,
        0.012361407279968262,
        0.054500117897987366
      ],
      "min": [
        -0.054500177502632141,
        0,
        -0.054500631988048553
      ],
      "type": "VEC3"
    },
    {
      "bufferView": 2,
      "byteOffset": 1832136,
      "componentType": 5126,
      "count": 498,
      "max": [
        0.99518477916717529,
        1,
        0.99518489837646484
      ],
      "min": [
        -0.99518483877182007,
        -1,
        -0.99518495798110962
      ],
      "type": "VEC3"
    },
    {
      "bufferView": 1,
      "byteOffset": 84432,
      "componentType": 5126,
      "count": 498,
      "max": [
        0,
        0
      ],
      "min": [
        0,
        0
      ],
      "type": "VEC2"
    },
    {
      "bufferView": 0,
      "byteOffset": 1651296,
      "componentType": 5125,
      "count": 948,
      "max": [
        497
      ],
      "min": [
        0
      ],
      "type": "SCALAR"
    },
    {
      "bufferView": 2,
      "byteOffset": 1838112,
      "componentType": 5126,
      "count": 498,
      "max": [
        0.054500564932823181,
        0.012361407279968262,
        0.054500117897987366
      ],
      "min": [
        -0.054500177502632141,
        0,
        -0.054500631988048553
      ],
      "type": "VEC3"
    },
    {
      "bufferView": 2,
      "byteOffset": 1844088,
      "componentType": 5126,
      "count": 498,
      "max": [
        0.99518477916717529,
        1,
        0.99518489837646484
      ],
      "min": [
        -0.99518483877182007,
        -1,
        -0.99518495798110962
      ],
      "type": "VEC3"
    },
    {
      "bufferView": 1,
      "byteOffset": 88416,
      "componentType": 5126,
      "count": 498,
      "max": [
        0,
        0
      ],
      "min": [
        0,
        0
      ],
      "type": "VEC2"
    },
    {
      "bufferView": 0,
      "byteOffset": 1655088,
      "componentType": 5125,
      "count": 948,
      "max": [
        497
      ],
      "min": [
        0
      ],
      "type": "SCALAR"
    },
    {
      "bufferView": 2,
      "byteOffset": 1850064,
      "componentType": 5126,
      "count": 312,
      "max": [
        0.16175511479377747,
        0.21121399104595184,
        1.0117909908294678
      ],
      "min": [
        -0.32643729448318481,
        -0.21121400594711304,
        -0.7794877290725708
      ],
      "type": "VEC3"
    },
    {
      "bufferView": 2,
      "byteOffset": 1853808,
      "componentType": 5126,
      "count": 312,
      "max": [
        1,
        1,
        1
      ],
      "min": [
        -1,
        -1,
        -1
      ],
      "type": "VEC3"
    },
    {
      "bufferView": 1,
      "byteOffset": 92400,
      "componentType": 5126,
      "count": 312,
      "max": [
        0.875,
        1.0000001192092896
      ],
      "min": [
        0.125,
        0
      ],
      "type": "VEC2"
    },
    {
      "bufferView": 0,
      "byteOffset": 1658880,
      "componentType": 5125,
      "count": 720,
      "max": [
        311
      ],
      "min": [
        0
      ],
      "type": "SCALAR"
    },
    {
      "bufferView": 2,
      "byteOffset": 1857552,
      "componentType": 5126,
      "count": 94,
      "max": [
        1.5307073593139648,
        0,
        0.040060162544250488
      ],
      "min": [
        -0.063032671809196472,
        -0.029999999329447746,
        -0.082620859146118164
      ],
      "type": "VEC3"
    },
    {
      "bufferView": 2,
      "byteOffset": 1858680,
      "componentType": 5126,
      "count": 94,
      "max": [
        1,
        1,
        1
      ],
      "min": [
        -1,
        -1,
        -1
      ],
      "type": "VEC3"
    },
    {
      "bufferView": 1,
      "byteOffset": 94896,
      "componentType": 5126,
      "count": 94,
      "max": [
        1,
        1
      ],
      "min": [
        0,
        0
      ],
      "type": "VEC2"
    },
    {
      "bufferView": 0,
      "byteOffset": 1661760,
      "componentType": 5125,
      "count": 162,
      "max": [
        93
      ],
      "min": [
        0
      ],
      "type": "SCALAR"
    },
    {
      "bufferView": 2,
      "byteOffset": 1859808,
      "componentType": 5126,
      "count": 142,
      "max": [
        1.6186574697494507,
        0,
        0.12668174505233765
      ],
      "min": [
        -0.063032671809196472,
        -0.029999999329447746,
        0.004463469609618187
      ],
      "type": "VEC3"
    },
    {
      "bufferView": 2,
      "byteOffset": 1861512,
      "componentType": 5126,
      "count": 142,
      "max": [
        1,
        1,
        1
      ],
      "min": [
        -1,
        -1,
        -1
      ],
      "type": "VEC3"
    },
    {
      "bufferView": 1,
      "byteOffset": 95648,
      "componentType": 5126,
      "count": 142,
      "max": [
        1,
        0.5
      ],
      "min": [
        0,
        0
      ],
      "type": "VEC2"
    },
    {
      "bufferView": 0,
      "byteOffset": 1662408,
      "componentType": 5125,
      "count": 252,
      "max": [
        141
      ],
      "min": [
        0
      ],
      "type": "SCALAR"
    },
    {
      "bufferView": 2,
      "byteOffset": 1863216,
      "componentType": 5126,
      "count": 498,
      "max": [
        0.054500564932823181,
        0.012361407279968262,
        0.054500117897987366
      ],
      "min": [
        -0.054500177502632141,
        0,
        -0.054500631988048553
      ],
      "type": "VEC3"
    },
    {
      "bufferView": 2,
      "byteOffset": 1869192,
      "componentType": 5126,
      "count": 498,
      "max": [
        0.99518477916717529,
        1,
        0.99518489837646484
      ],
      "min": [
        -0.99518483877182007,
        -1,
        -0.99518495798110962
      ],
      "type": "VEC3"
    },
    {
      "bufferView": 1,
      "byteOffset": 96784,
      "componentType": 5126,
      "count": 498,
      "max": [
        0,
        0
      ],
      "min": [
        0,
        0
      ],
      "type": "VEC2"
    },
    {
      "bufferView": 0,
      "byteOffset": 1663416,
      "componentType": 5125,
      "count": 948,
      "max": [
        497
      ],
      "min": [
        0
      ],
      "type": "SCALAR"
    },
    {
      "bufferView": 2,
      "byteOffset": 1875168,
      "componentType": 5126,
      "count": 498,
      "max": [
        0.054500564932823181,
        0.012361407279968262,
        0.054500117897987366
      ],
      "min": [
        -0.054500177502632141,
        0,
        -0.054500631988048553
      ],
      "type": "VEC3"
    },
    {
      "bufferView": 2,
      "byteOffset": 1881144,
      "componentType": 5126,
      "count": 498,
      "max": [
        0.99518477916717529,
        1,
        0.99518489837646484
      ],
      "min": [
        -0.99518483877182007,
        -1,
        -0.99518495798110962
      ],
      "type": "VEC3"
    },
    {
      "bufferView": 1,
      "byteOffset": 100768,
      "componentType": 5126,
      "count": 498,
      "max": [
        0,
        0
      ],
      "min": [
        0,
        0
      ],
      "type": "VEC2"
    },
    {
      "bufferView": 0,
      "byteOffset": 1667208,
      "componentType": 5125,
      "count": 948,
      "max": [
        497
      ],
      "min": [
        0
      ],
      "type": "SCALAR"
    },
    {
      "bufferView": 2,
      "byteOffset": 1887120,
      "componentType": 5126,
      "count": 498,
      "max": [
        0.054500564932823181,
        0.012361407279968262,
        0.054500117897987366
      ],
      "min": [
        -0.054500177502632141,
        0,
        -0.054500631988048553
      ],
      "type": "VEC3"
    },
    {
      "bufferView": 2,
      "byteOffset": 1893096,
      "componentType": 5126,
      "count": 498,
      "max": [
        0.99518477916717529,
        1,
        0.99518489837646484
      ],
      "min": [
        -0.99518483877182007,
        -1,
        -0.99518495798110962
      ],
      "type": "VEC3"
    },
    {
      "bufferView": 1,
      "byteOffset": 104752,
      "componentType": 5126,
      "count": 498,
      "max": [
        0,
        0
      ],
      "min": [
        0,
        0
      ],
      "type": "VEC2"
    },
    {
      "bufferView": 0,
      "byteOffset": 1671000,
      "componentType": 5125,
      "count": 948,
      "max": [
        497
      ],
      "min": [
        0
      ],
      "type": "SCALAR"
    },
    {
      "bufferView": 2,
      "byteOffset": 1899072,
      "componentType": 5126,
      "count": 498,
      "max": [
        0.054500564932823181,
        0.012361407279968262,
        0.054500117897987366
      ],
      "min": [
        -0.054500177502632141,
        0,
        -0.054500631988048553
      ],
      "type": "VEC3"
    },
    {
      "bufferView": 2,
      "byteOffset": 1905048,
      "componentType": 5126,
      "count": 498,
      "max": [
        0.99518477916717529,
        1,
        0.99518489837646484
      ],
      "min": [
        -0.99518483877182007,
        -1,
        -0.99518495798110962
      ],
      "type": "VEC3"
    },
    {
      "bufferView": 1,
      "byteOffset": 108736,
      "componentType": 5126,
      "count": 498,
      "max": [
        0,
        0
      ],
      "min": [
        0,
        0
      ],
      "type": "VEC2"
    },
    {
      "bufferView": 0,
      "byteOffset": 1674792,
      "componentType": 5125,
      "count": 948,
      "max": [
        497
      ],
      "min": [
        0
      ],
      "type": "SCALAR"
    },
    {
      "bufferView": 2,
      "byteOffset": 1911024,
      "componentType": 5126,
      "count": 2686,
      "max": [
        0.89298003911972046,
        0,
        0.0016199999954551458
      ],
      "min": [
        0.013860000297427177,
        -0.019999999552965164,
        -0.12437999993562698
      ],
      "type": "VEC3"
    },
    {
      "bufferView": 2,
      "byteOffset": 1943256,
      "componentType": 5126,
      "count": 2686,
      "max": [
        1,
        1,
        1
      ],
      "min": [
        -1,
        -1,
        -1
      ],
      "type": "VEC3"
    },
    {
      "bufferView": 1,
      "byteOffset": 112720,
      "componentType": 5126,
      "count": 2686,
      "max": [
        1,
        0
      ],
      "min": [
        0,
        0
      ],
      "type": "VEC2"
    },
    {
      "bufferView": 0,
      "byteOffset": 1678584,
      "componentType": 5125,
      "count": 7680,
      "max": [
        2685
      ],
      "min": [
        0
      ],
      "type": "SCALAR"
    }
  ],
  "asset": {
    "extras": {
      "author": "GameDevGiant (https://sketchfab.com/arlourwick)",
      "license": "CC-BY-4.0 (http://creativecommons.org/licenses/by/4.0/)",
      "source": "https://sketchfab.com/3d-models/nvidia-rtx-2080-ti-fcfffc0cdb784c77b226d4e280bc33b0",
      "title": "Nvidia RTX 2080 Ti"
    },
    "generator": "Sketchfab-8.67.0",
    "version": "2.0"
  },
  "bufferViews": [
    {
      "buffer": 0,
      "byteLength": 1709304,
      "byteOffset": 0,
      "name": "floatBufferViews",
      "target": 34963
    },
    {
      "buffer": 0,
      "byteLength": 134208,
      "byteOffset": 1709304,
      "byteStride": 8,
      "name": "floatBufferViews",
      "target": 34962
    },
    {
      "buffer": 0,
      "byteLength": 1975488,
      "byteOffset": 1843512,
      "byteStride": 12,
      "name": "floatBufferViews",
      "target": 34962
    }
  ],
  "buffers": [
    {
      "byteLength": 3819000,
      "uri": "2080TIscene.bin"
    }
  ],
  "materials": [
    {
      "doubleSided": true,
      "emissiveFactor": [
        0,
        0,
        0
      ],
      "name": "Heatsink",
      "pbrMetallicRoughness": {
        "baseColorFactor": [
          1,
          1,
          1,
          1
        ],
        "metallicFactor": 1,
        "roughnessFactor": 0.16587472411214271
      }
    },
    {
      "doubleSided": true,
      "emissiveFactor": [
        0,
        0,
        0
      ],
      "name": "Black",
      "pbrMetallicRoughness": {
        "baseColorFactor": [
          0.012216899999999999,
          0.012216899999999999,
          0.012216899999999999,
          1
        ],
        "metallicFactor": 0.8894153305486141,
        "roughnessFactor": 0.1841152436021378
      }
    },
    {
      "doubleSided": true,
      "emissiveFactor": [
        0,
        0,
        0
      ],
      "name": "Metal",
      "pbrMetallicRoughness": {
        "baseColorFactor": [
          1,
          1,
          1,
          1
        ],
        "metallicFactor": 1,
        "roughnessFactor": 0.1050729924788258
      }
    },
    {
      "doubleSided": true,
      "emissiveFactor": [
        0,
        0,
        0
      ],
      "name": "DarkMetal",
      "pbrMetallicRoughness": {
        "baseColorFactor": [
          0.22232376186523486,
          0.22232376186523486,
          0.22232376186523486,
          1
        ],
        "metallicFactor": 0.86956500000000003,
        "roughnessFactor": 0.21451610941879626
      }
    },
    {
      "doubleSided": true,
      "emissiveFactor": [
        0,
        0,
        0
      ],
      "name": "Gold",
      "pbrMetallicRoughness": {
        "baseColorFactor": [
          0.79999999999999993,
          0.32993000000000006,
          0.026838899999999999,
          1
        ],
        "metallicFactor": 1,
        "roughnessFactor": 0.224638
      }
    }
  ],
  "meshes": [
    {
      "primitives": [
        {
          "attributes": {
            "NORMAL": 1,
            "POSITION": 0,
            "TEXCOORD_0": 2
          },
          "indices": 3,
          "material": 0,
          "mode": 4
        }
      ]
    },
    {
      "primitives": [
        {
          "attributes": {
            "NORMAL": 5,
            "POSITION": 4,
            "TEXCOORD_0": 6
          },
          "indices": 7,
          "material": 1,
          "mode": 4
        }
      ]
    },
    {
      "primitives": [
        {
          "attributes": {
            "NORMAL": 9,
            "POSITION": 8
          },
          "indices": 10,
          "material": 2,
          "mode": 4
        }
      ]
    },
    {
      "primitives": [
        {
          "attributes": {
            "NORMAL": 12,
            "POSITION": 11
          },
          "indices": 13,
          "material": 2,
          "mode": 4
        }
      ]
    },
    {
      "primitives": [
        {
          "attributes": {
            "NORMAL": 15,
            "POSITION": 14,
            "TEXCOORD_0": 16
          },
          "indices": 17,
          "material": 2,
          "mode": 4
        }
      ]
    },
    {
      "primitives": [
        {
          "attributes": {
            "NORMAL": 19,
            "POSITION": 18,
            "TEXCOORD_0": 20
          },
          "indices": 21,
          "material": 1,
          "mode": 4
        }
      ]
    },
    {
      "primitives": [
        {
          "attributes": {
            "NORMAL": 23,
            "POSITION": 22,
            "TEXCOORD_0": 24
          },
          "indices": 25,
          "material": 2,
          "mode": 4
        }
      ]
    },
    {
      "primitives": [
        {
          "attributes": {
            "NORMAL": 27,
            "POSITION": 26,
            "TEXCOORD_0": 28
          },
          "indices": 29,
          "material": 1,
          "mode": 4
        }
      ]
    },
    {
      "primitives": [
        {
          "attributes": {
            "NORMAL": 31,
            "POSITION": 30,
            "TEXCOORD_0": 32
          },
          "indices": 33,
          "material": 2,
          "mode": 4
        }
      ]
    },
    {
      "primitives": [
        {
          "attributes": {
            "NORMAL": 35,
            "POSITION": 34,
            "TEXCOORD_0": 36
          },
          "indices": 37,
          "material": 1,
          "mode": 4
        }
      ]
    },
    {
      "primitives": [
        {
          "attributes": {
            "NORMAL": 39,
            "POSITION": 38,
            "TEXCOORD_0": 40
          },
          "indices": 41,
          "material": 3,
          "mode": 4
        }
      ]
    },
    {
      "primitives": [
        {
          "attributes": {
            "NORMAL": 43,
            "POSITION": 42,
            "TEXCOORD_0": 44
          },
          "indices": 45,
          "material": 3,
          "mode": 4
        }
      ]
    },
    {
      "primitives": [
        {
          "attributes": {
            "NORMAL": 47,
            "POSITION": 46,
            "TEXCOORD_0": 48
          },
          "indices": 49,
          "material": 3,
          "mode": 4
        }
      ]
    },
    {
      "primitives": [
        {
          "attributes": {
            "NORMAL": 51,
            "POSITION": 50,
            "TEXCOORD_0": 52
          },
          "indices": 53,
          "material": 3,
          "mode": 4
        }
      ]
    },
    {
      "primitives": [
        {
          "attributes": {
            "NORMAL": 55,
            "POSITION": 54,
            "TEXCOORD_0": 56
          },
          "indices": 57,
          "material": 1,
          "mode": 4
        }
      ]
    },
    {
      "primitives": [
        {
          "attributes": {
            "NORMAL": 59,
            "POSITION": 58,
            "TEXCOORD_0": 60
          },
          "indices": 61,
          "material": 1,
          "mode": 4
        }
      ]
    },
    {
      "primitives": [
        {
          "attributes": {
            "NORMAL": 63,
            "POSITION": 62,
            "TEXCOORD_0": 64
          },
          "indices": 65,
          "material": 4,
          "mode": 4
        }
      ]
    },
    {
      "primitives": [
        {
          "attributes": {
            "NORMAL": 67,
            "POSITION": 66,
            "TEXCOORD_0": 68
          },
          "indices": 69,
          "material": 3,
          "mode": 4
        }
      ]
    },
    {
      "primitives": [
        {
          "attributes": {
            "NORMAL": 71,
            "POSITION": 70,
            "TEXCOORD_0": 72
          },
          "indices": 73,
          "material": 3,
          "mode": 4
        }
      ]
    },
    {
      "primitives": [
        {
          "attributes": {
            "NORMAL": 75,
            "POSITION": 74,
            "TEXCOORD_0": 76
          },
          "indices": 77,
          "material": 3,
          "mode": 4
        }
      ]
    },
    {
      "primitives": [
        {
          "attributes": {
            "NORMAL": 79,
            "POSITION": 78,
            "TEXCOORD_0": 80
          },
          "indices": 81,
          "material": 3,
          "mode": 4
        }
      ]
    },
    {
      "primitives": [
        {
          "attributes": {
            "NORMAL": 83,
            "POSITION": 82,
            "TEXCOORD_0": 84
          },
          "indices": 85,
          "material": 2,
          "mode": 4
        }
      ]
    }
  ],
  "nodes": [
    {
      "children": [
        1
      ],
      "name": "RootNode (gltf orientation matrix)",
      "rotation": [
        -0.70710678118654746,
        -0,
        -0,
        0.70710678118654757
      ]
    },
    {
      "children": [
        2
      ],
      "name": "RootNode (model correction matrix)"
    },
    {
      "children": [
        3
      ],
      "name": "root"
    },
    {
      "children": [
        4,
        6,
        8,
        10,
        12,
        14,
        16,
        18,
        20,
        22,
        24,
        26,
        28,
        30,
        32,
        34,
        37,
        39,
        41,
        43,
        45
      ],
      "matrix": [
        1,
        0,
        0,
        0,
        0,
        2.2204460492503131e-16,
        1,
        0,
        0,
        -1,
        2.2204460492503131e-16,
        0,
        0,
        0,
        0,
        1
      ],
      "name": "GLTF_SceneRootNode"
    },
    {
      "children": [
        5
      ],
      "matrix": [
        0.99998395497582304,
        -0.0027764437773945697,
        0.0049377272972675615,
        0,
        0.0027893895038333854,
        0.99999268568141808,
        -0.0026168473131861531,
        0,
        -0.0049304256517179517,
        0.0026305785705035352,
        0.99998438535773015,
        0,
        -1.6436259746551514,
        0.78959989547729492,
        0.088993966579437256,
        1
      ],
      "name": "Heatsink_0"
    },
    {
      "mesh": 0,
      "name": ""
    },
    {
      "children": [
        7
      ],
      "matrix": [
        0.99998395497582304,
        -0.0027764437773945697,
        0.0049377272972675615,
        0,
        0.0027893895038333854,
        0.99999268568141808,
        -0.0026168473131861531,
        0,
        -0.0049304256517179517,
        0.0026305785705035352,
        0.99998438535773015,
        0,
        0.10194987803697586,
        0.93351244926452637,
        0.082974612712860107,
        1
      ],
      "name": "TopBlack_1"
    },
    {
      "mesh": 1,
      "name": ""
    },
    {
      "children": [
        9
      ],
      "matrix": [
        0.99998395497582304,
        -0.0027764437773945697,
        0.0049377272972675615,
        0,
        0.0027893895038333854,
        0.99999268568141808,
        -0.0026168473131861531,
        0,
        -0.0049304256517179517,
        0.0026305785705035352,
        0.99998438535773015,
        0,
        -0.95490360260009766,
        0.9736868143081665,
        0.07965165376663208,
        1
      ],
      "name": "FanLeftOutline_2"
    },
    {
      "mesh": 2,
      "name": ""
    },
    {
      "children": [
        11
      ],
      "matrix": [
        0.99998395497582304,
        -0.0027764437773945697,
        0.0049377272972675615,
        0,
        0.0027893895038333854,
        0.99999268568141808,
        -0.0026168473131861531,
        0,
        -0.0049304256517179517,
        0.0026305785705035352,
        0.99998438535773015,
        0,
        1.1939970254898071,
        0.96772050857543945,
        0.090262532234191895,
        1
      ],
      "name": "FanRightOutline_3"
    },
    {
      "mesh": 3,
      "name": ""
    },
    {
      "children": [
        13
      ],
      "matrix": [
        0.99998395497582304,
        -0.0027764437773945697,
        0.0049377272972675615,
        0,
        0.0027893895038333854,
        0.99999268568141808,
        -0.0026168473131861531,
        0,
        -0.0049304256517179517,
        0.0026305785705035352,
        0.99998438535773015,
        0,
        0.11415896564722061,
        0.66726696491241455,
        0.08961564302444458,
        1
      ],
      "name": "MetalCover_4"
    },
    {
      "mesh": 4,
      "name": ""
    },
    {
      "children": [
        15
      ],
      "matrix": [
        0.99998395497582304,
        -0.0027764437773945697,
        0.0049377272972675615,
        0,
        0.0027893895038333854,
        0.99999268568141808,
        -0.0026168473131861531,
        0,
        -0.0049304256517179517,
        0.0026305785705035352,
        0.99998438535773015,
        0,
        0.10108626633882523,
        0.6239016056060791,
        0.083784833550453186,
        1
      ],
      "name": "Base_5"
    },
    {
      "mesh": 5,
      "name": ""
    },
    {
      "children": [
        17
      ],
      "matrix": [
        0.99998395497582304,
        -0.0027764437773945697,
        0.0049377272972675615,
        0,
        0.0027893895038333854,
        0.99999268568141808,
        -0.0026168473131861531,
        0,
        -0.0049304256517179517,
        0.0026305785705035352,
        0.99998438535773015,
        0,
        -0.95465672016143799,
        0.93934595584869385,
        0.07949906587600708,
        1
      ],
      "name": "FanCenter_7"
    },
    {
      "mesh": 6,
      "name": ""
    },
    {
      "children": [
        19
      ],
      "matrix": [
        0.99998395497582304,
        -0.0027764437773945697,
        0.0049377272972675615,
        0,
        0.0027893895038333854,
        0.99999268568141808,
        -0.0026168473131861531,
        0,
        -0.0049304256517179517,
        0.0026305785705035352,
        0.99998438535773015,
        0,
        -0.95603162050247192,
        0.91036540269851685,
        0.078238308429718018,
        1
      ],
      "name": "Fan_8"
    },
    {
      "mesh": 7,
      "name": ""
    },
    {
      "children": [
        21
      ],
      "matrix": [
        0.99998395497582304,
        -0.0027764437773945697,
        0.0049377272972675615,
        0,
        0.0027893895038333854,
        0.99999268568141808,
        -0.0026168473131861531,
        0,
        -0.0049304256517179517,
        0.0026305785705035352,
        0.99998438535773015,
        0,
        1.1911512613296509,
        0.93338799476623535,
        0.090094685554504395,
        1
      ],
      "name": "FanCenter.001_10"
    },
    {
      "mesh": 8,
      "name": ""
    },
    {
      "children": [
        23
      ],
      "matrix": [
        0.99998395497582304,
        -0.0027764437773945697,
        0.0049377272972675615,
        0,
        0.0027893895038333854,
        0.99999268568141808,
        -0.0026168473131861531,
        0,
        -0.0049304256517179517,
        0.0026305785705035352,
        0.99998438535773015,
        0,
        1.1897760629653931,
        0.90440773963928223,
        0.088833868503570557,
        1
      ],
      "name": "Fan.001_11"
    },
    {
      "mesh": 9,
      "name": ""
    },
    {
      "children": [
        25
      ],
      "matrix": [
        0.99998395497582304,
        -0.0027764437773945697,
        0.0049377272972675615,
        0,
        0.0027893895038333854,
        0.99999268568141808,
        -0.0026168473131861531,
        0,
        -0.0049304256517179517,
        0.0026305785705035352,
        0.99998438535773015,
        0,
        -1.5379557609558105,
        1.0033223628997803,
        -0.49148675799369812,
        1
      ],
      "name": "Circle_13"
    },
    {
      "mesh": 10,
      "name": ""
    },
    {
      "children": [
        27
      ],
      "matrix": [
        0.99998395497582304,
        -0.0027764437773945697,
        0.0049377272972675615,
        0,
        0.0027893895038333854,
        0.99999268568141808,
        -0.0026168473131861531,
        0,
        -0.0049304256517179517,
        0.0026305785705035352,
        0.99998438535773015,
        0,
        -1.5435645580291748,
        1.0063146352767944,
        0.64608031511306763,
        1
      ],
      "name": "Circle.001_14"
    },
    {
      "mesh": 11,
      "name": ""
    },
    {
      "children": [
        29
      ],
      "matrix": [
        0.99998395497582304,
        -0.0027764437773945697,
        0.0049377272972675615,
        0,
        0.0027893895038333854,
        0.99999268568141808,
        -0.0026168473131861531,
        0,
        -0.0049304256517179517,
        0.0026305785705035352,
        0.99998438535773015,
        0,
        1.7716307640075684,
        0.99413323402404785,
        -0.47514441609382629,
        1
      ],
      "name": "Circle.002_15"
    },
    {
